[header]
width=128
height=32
tilewidth=16
tileheight=16
orientation=orthogonal
background_color=0,0,0,255

[tilesets]
tileset=../CS3113/assets/graphics/Platformer bricks (150 assets)/Spritesheet/sheet.png,16,16,0,0
tileset=../CS3113/assets/graphics/Platformer assets (1330 assets)/Base pack (360 assets)/Tiles/tiles_spritesheet.png,16,16,0,0
tileset=Assignment3/NYUCodebase/NYUCodebase/characters_1.png,16,16,0,0

[layer]
type=Tile Layer 1
data=
4204,4205,4206,4207,4202,4203,4204,4205,4206,4207,4208,4209,4412,4202,4203,4204,4205,4206,4207,4208,4209,4314,4202,4202,4307,4412,4412,4413,4414,4415,4416,4417,4418,4419,4204,4205,4206,4207,4202,4203,4204,4205,4206,4207,4208,4209,4314,4205,4202,4203,4204,4205,4206,4207,4208,4209,4203,4202,4203,4204,4205,4206,4207,4208,4209,4419,4209,4207,4208,4209,4206,4202,4203,4204,4205,4206,4207,4208,4412,4413,4414,4415,4416,4202,4203,4204,4205,4412,4202,4203,4204,4205,4206,4207,4208,4209,4202,4203,4204,4205,4206,4207,4208,4209,4314,4419,4413,4414,4415,4202,4203,4412,4413,4414,4415,4416,4417,4418,4419,4204,4205,4206,4207,4208,4209,4314,4208,4209,
4204,4205,4206,4202,4202,4203,4204,4205,4206,4207,4208,4209,4203,4204,4205,4206,4207,4208,4209,4209,4202,4202,4307,4307,4412,4413,4414,4415,4416,4417,4418,4419,4203,4202,4203,4204,4205,4206,4207,4208,4209,4205,4206,4207,4208,4209,4419,4205,4307,4202,4203,4204,4205,4206,4207,4208,4209,4307,4202,4203,4204,4205,4206,4207,4208,4209,4314,4207,4208,4209,4202,4203,4204,4205,4206,4207,4208,4209,4412,4413,4414,4415,4416,4307,4202,4203,4204,4412,4202,4203,4204,4205,4206,4207,4208,4209,4203,4204,4205,4206,4207,4208,4209,4314,4419,4412,4413,4414,4415,4202,4203,4412,4413,4414,4415,4416,4417,4418,4419,4204,4205,4206,4207,4208,4209,4419,4208,4209,
4204,4205,4206,4307,4202,4203,4204,4205,4206,4207,4208,4209,4205,4206,4207,4208,4209,4209,4202,4202,4307,4307,4412,4412,4413,4414,4415,4416,4417,4418,4419,4202,4203,4202,4203,4204,4205,4206,4207,4208,4209,4206,4207,4208,4209,4314,4419,4205,4412,4202,4203,4204,4205,4206,4207,4208,4209,4412,4202,4203,4204,4205,4206,4207,4208,4209,4419,4207,4208,4209,4202,4203,4204,4205,4206,4207,4208,4202,4412,4413,4414,4415,4416,4412,4202,4203,4204,4412,4307,4202,4203,4204,4205,4206,4207,4208,4209,4208,4209,4208,4209,4209,4314,4419,4307,4412,4413,4414,4415,4202,4202,4412,4413,4414,4415,4416,4417,4418,4419,4204,4205,4206,4207,4208,4209,4419,4208,4209,
4204,4205,4202,4202,4203,4204,4205,4206,4207,4208,4209,4314,4206,4207,4208,4209,4202,4202,4307,4307,4412,4412,4413,4414,4415,4416,4417,4418,4419,4412,4413,4202,4202,4202,4203,4204,4205,4206,4207,4208,4209,4206,4207,4208,4209,4419,4419,4202,4203,4204,4205,4206,4207,4208,4209,4207,4208,4209,4202,4203,4204,4205,4206,4207,4208,4209,4419,4209,4208,4209,4202,4203,4204,4205,4206,4207,4208,4307,4412,4413,4414,4415,4416,4417,4202,4203,4204,4412,4412,4202,4203,4204,4205,4206,4207,4208,4209,4208,4209,4209,4314,4314,4419,4202,4412,4413,4414,4415,4202,4203,4307,4412,4413,4414,4415,4416,4417,4418,4419,4204,4205,4206,4207,4208,4209,4419,4208,4209,
4204,4205,4307,4202,4203,4204,4205,4206,4207,4208,4209,4419,4208,4209,4202,4202,4307,4307,4412,4412,4413,4414,4415,4416,4417,4418,4419,4208,4209,4412,4202,4203,4202,4307,4202,4203,4204,4205,4206,4207,4208,4209,4207,4208,4209,4418,4419,4202,4203,4204,4205,4206,4207,4202,4203,4204,4205,4206,4207,4208,4209,4205,4206,4207,4208,4209,4419,4314,4207,4208,4202,4203,4204,4205,4206,4207,4208,4412,4413,4414,4415,4416,4417,4418,4202,4203,4204,4412,4413,4202,4203,4204,4205,4206,4207,4208,4209,4208,4209,4314,4419,4419,4207,4307,4412,4413,4414,4415,4202,4203,4412,4413,4414,4415,4416,4417,4418,4419,4203,4204,4205,4206,4207,4208,4209,4419,4208,4209,
4204,4202,4412,4202,4203,4204,4205,4206,4207,4208,4209,4208,4209,4202,4307,4307,4412,4412,4413,4414,4415,4416,4417,4418,4419,4207,4208,4209,4314,4412,4202,4202,4202,4412,4202,4203,4204,4205,4206,4207,4208,4209,4207,4208,4209,4419,4202,4202,4203,4204,4205,4206,4207,4202,4203,4204,4205,4206,4207,4208,4209,4205,4206,4207,4208,4209,4418,4419,4209,4208,4202,4203,4204,4205,4206,4207,4208,4412,4413,4414,4415,4416,4417,4418,4202,4203,4204,4205,4412,4307,4202,4203,4204,4205,4206,4207,4208,4209,4314,4419,4205,4206,4202,4412,4413,4414,4415,4416,4202,4203,4412,4413,4414,4415,4416,4417,4418,4419,4203,4204,4205,4206,4207,4208,4209,4419,4209,4209,
4202,4307,4412,4202,4203,4204,4205,4206,4207,4208,4209,4202,4202,4307,4412,4412,4413,4414,4415,4416,4417,4418,4419,4209,4419,4207,4208,4209,4202,4412,4202,4202,4307,4412,4202,4203,4204,4205,4206,4207,4208,4209,4208,4209,4314,4419,4307,4202,4203,4204,4205,4206,4207,4202,4203,4204,4205,4206,4207,4208,4209,4205,4206,4207,4208,4209,4418,4419,4314,4208,4202,4203,4204,4205,4206,4207,4202,4412,4413,4414,4415,4416,4417,4418,4307,4202,4203,4202,4412,4412,4202,4203,4204,4205,4206,4207,4208,4209,4419,4204,4205,4206,4307,4412,4413,4414,4415,4416,4202,4202,4412,4413,4414,4415,4416,4417,4418,4419,4203,4204,4205,4206,4207,4208,4209,4419,4314,4209,
4307,4412,4413,4202,4203,4204,4205,4206,4207,4202,4202,4307,4307,4412,4413,4414,4415,4416,4417,4418,4419,4207,4208,4209,4207,4208,4209,4202,4307,4412,4202,4202,4412,4413,4307,4202,4203,4204,4205,4206,4207,4208,4209,4209,4419,4419,4412,4202,4203,4204,4205,4206,4202,4202,4203,4204,4205,4206,4207,4208,4209,4205,4206,4207,4208,4209,4417,4418,4419,4202,4203,4204,4205,4206,4207,4208,4307,4412,4413,4414,4415,4416,4417,4418,4412,4202,4202,4307,4412,4413,4307,4202,4203,4204,4205,4206,4207,4208,4209,4204,4205,4202,4412,4413,4414,4415,4416,4417,4202,4307,4412,4413,4414,4415,4416,4417,4418,4419,4203,4204,4205,4206,4207,4208,4209,4418,4419,4209,
4412,4413,4414,4202,4203,4204,4205,4202,4202,4307,4307,4412,4412,4413,4414,4415,4416,4417,4418,4419,4206,4207,4208,4209,4207,4208,4209,4307,4202,4202,4202,4307,4412,4413,4412,4202,4203,4204,4205,4206,4207,4208,4209,4209,4418,4202,4412,4202,4203,4204,4205,4206,4307,4202,4203,4204,4205,4206,4207,4208,4209,4205,4206,4207,4208,4209,4417,4418,4419,4202,4203,4204,4205,4206,4202,4203,4204,4205,4206,4207,4208,4209,4418,4419,4414,4202,4307,4412,4412,4413,4412,4202,4203,4204,4205,4206,4207,4208,4209,4205,4206,4307,4412,4413,4414,4415,4416,4417,4202,4412,4413,4414,4415,4416,4417,4418,4419,4203,4204,4205,4206,4207,4208,4209,4314,4418,4419,4209,
4412,4413,4202,4203,4204,4202,4202,4307,4307,4412,4412,4413,4414,4415,4416,4417,4418,4419,4205,4206,4207,4208,4209,4314,4208,4209,4202,4412,4202,4202,4202,4412,4413,4414,4415,4202,4203,4204,4205,4206,4207,4208,4209,4209,4417,4307,4412,4307,4202,4203,4204,4205,4412,4307,4202,4203,4204,4205,4206,4207,4208,4209,4206,4207,4208,4209,4417,4418,4419,4202,4203,4204,4205,4206,4307,4308,4309,4310,4311,4312,4313,4314,4209,4209,4209,4307,4412,4413,4412,4202,4203,4204,4205,4206,4207,4208,4209,4209,4314,4205,4202,4412,4413,4414,4415,4416,4417,4418,4202,4412,4413,4414,4415,4416,4417,4418,4419,4209,4204,4205,4206,4207,4208,4209,4419,4418,4419,4209,
4413,4414,4202,4202,4202,4307,4307,4412,4412,4413,4414,4415,4416,4417,4418,4419,4203,4204,4205,4206,4207,4208,4209,4419,4208,4202,4307,4412,4202,4202,4307,4412,4413,4414,4415,4202,4203,4204,4205,4206,4207,4208,4209,4314,4417,4412,4413,4412,4202,4203,4204,4205,4412,4412,4202,4203,4204,4205,4206,4207,4208,4209,4205,4206,4207,4208,4209,4417,4418,4202,4203,4204,4205,4206,4412,4413,4414,4415,4416,4417,4418,4419,4314,4314,4314,4209,4413,4202,4203,4204,4205,4206,4207,4208,4209,4209,4314,4314,4419,4205,4307,4412,4413,4414,4415,4416,4417,4418,4202,4412,4413,4414,4415,4416,4417,4418,4419,4209,4204,4205,4206,4207,4208,4209,4417,4418,4419,4209,
4414,4415,4202,4307,4307,4412,4412,4413,4414,4415,4416,4417,4418,4419,4415,4202,4203,4204,4205,4206,4207,4208,4209,4208,4209,4307,4412,4413,4307,4307,4412,4413,4414,4415,4416,4307,4202,4203,4204,4205,4206,4207,4208,4209,4202,4412,4413,4414,4202,4203,4204,4202,4412,4413,4202,4203,4204,4205,4206,4207,4208,4209,4205,4206,4207,4208,4209,4417,4418,4202,4203,4204,4205,4206,4207,4412,4413,4414,4415,4416,4417,4418,4419,4419,4419,4314,4209,4204,4205,4206,4207,4208,4209,4209,4314,4314,4419,4419,4204,4202,4412,4413,4414,4415,4416,4417,4418,4419,4202,4412,4413,4414,4415,4416,4417,4418,4419,4209,4204,4205,4206,4207,4208,4209,4417,4418,4419,4209,
4414,4415,4307,4412,4412,4413,4414,4415,4416,4417,4418,4419,4413,4414,4415,4202,4203,4204,4205,4206,4207,4208,4209,4208,4202,4412,4413,4202,4412,4412,4412,4413,4414,4415,4416,4412,4202,4203,4204,4205,4206,4207,4208,4209,4307,4412,4413,4414,4202,4203,4204,4307,4412,4413,4202,4203,4204,4205,4206,4207,4208,4209,4205,4206,4207,4208,4209,4416,4417,4202,4203,4204,4205,4206,4207,4208,4202,4202,4412,4413,4414,4415,4416,4417,4418,4419,4314,4209,4209,4208,4209,4209,4314,4314,4419,4419,4419,4203,4204,4307,4412,4413,4414,4415,4416,4417,4418,4419,4307,4412,4413,4414,4415,4416,4417,4418,4419,4314,4204,4205,4206,4207,4208,4209,4417,4418,4419,4314,
4415,4416,4412,4413,4414,4415,4416,4417,4418,4419,4209,4412,4413,4414,4202,4203,4204,4205,4206,4207,4208,4209,4314,4209,4307,4412,4413,4202,4412,4413,4412,4413,4414,4415,4416,4417,4202,4203,4204,4205,4206,4207,4208,4202,4412,4413,4414,4415,4202,4203,4204,4412,4413,4414,4202,4203,4204,4205,4206,4207,4208,4209,4205,4206,4207,4208,4209,4416,4202,4203,4204,4205,4206,4207,4208,4209,4307,4307,4412,4413,4414,4415,4416,4417,4418,4419,4419,4314,4314,4209,4314,4314,4419,4419,4202,4203,4202,4203,4202,4412,4413,4414,4415,4416,4417,4418,4419,4202,4412,4413,4414,4415,4416,4417,4418,4419,4209,4419,4204,4205,4206,4207,4208,4209,4416,4417,4418,4419,
4415,4416,4417,4418,4419,4206,4207,4208,4209,4314,4209,4412,4413,4414,4202,4203,4204,4205,4206,4207,4208,4209,4419,4202,4412,4413,4414,4202,4412,4413,4414,4415,4202,4412,4413,4414,4307,4202,4203,4204,4205,4206,4202,4307,4412,4413,4414,4415,4202,4203,4204,4412,4413,4414,4307,4308,4309,4310,4311,4312,4313,4314,4205,4206,4207,4208,4209,4415,4202,4203,4204,4205,4206,4207,4208,4209,4412,4412,4412,4412,4413,4414,4415,4416,4417,4418,4419,4419,4419,4314,4419,4419,4419,4202,4203,4202,4203,4204,4307,4412,4413,4414,4415,4416,4417,4418,4419,4202,4412,4413,4414,4415,4416,4417,4418,4419,4209,4419,4204,4205,4206,4207,4208,4209,4416,4417,4418,4419,
4416,4417,4418,4419,4209,4206,4207,4208,4209,4419,4209,4412,4413,4414,4202,4203,4204,4205,4206,4207,4208,4209,4202,4307,4412,4413,4414,4202,4412,4413,4414,4415,4202,4412,4413,4414,4412,4202,4203,4204,4205,4202,4307,4412,4413,4414,4415,4416,4202,4203,4202,4412,4413,4414,4412,4413,4414,4415,4416,4417,4418,4419,4205,4206,4207,4208,4209,4415,4202,4203,4204,4205,4206,4207,4208,4209,4416,4412,4413,4414,4415,4416,4417,4418,4419,4209,4314,4314,4419,4419,4419,4314,4412,4202,4203,4202,4203,4202,4412,4413,4414,4415,4416,4417,4418,4419,4415,4202,4412,4413,4414,4415,4416,4417,4418,4419,4209,4419,4204,4205,4206,4207,4208,4209,4416,4417,4418,4419,
4417,4418,4419,4208,4209,4206,4207,4208,4209,4208,4209,4412,4413,4414,4202,4203,4204,4205,4206,4207,4208,4209,4307,4412,4413,4414,4202,4203,4412,4413,4414,4415,4202,4412,4413,4414,4415,4202,4203,4204,4202,4307,4412,4413,4414,4415,4416,4417,4202,4203,4307,4412,4413,4414,4415,4416,4417,4418,4419,4202,4203,4204,4205,4206,4207,4208,4209,4415,4202,4203,4204,4205,4206,4207,4208,4209,4416,4412,4413,4414,4415,4416,4417,4418,4419,4314,4419,4419,4417,4418,4419,4419,4202,4202,4203,4202,4202,4307,4412,4413,4414,4415,4416,4417,4418,4419,4414,4307,4412,4413,4414,4415,4416,4417,4418,4419,4209,4419,4204,4205,4206,4207,4208,4209,4416,4417,4418,4419,
4417,4418,4419,4208,4209,4206,4207,4208,4209,4208,4209,4412,4413,4414,4202,4203,4204,4205,4206,4207,4208,4202,4412,4413,4414,4415,4202,4203,4412,4413,4414,4415,4202,4412,4413,4414,4415,4307,4202,4202,4307,4412,4413,4414,4415,4416,4417,4418,4307,4202,4412,4413,4414,4415,4416,4417,4418,4419,4205,4202,4203,4204,4205,4206,4207,4208,4209,4414,4202,4203,4204,4205,4206,4207,4208,4209,4416,4417,4412,4413,4414,4415,4416,4417,4418,4419,4415,4416,4417,4418,4419,4413,4307,4202,4203,4202,4307,4412,4413,4414,4415,4416,4417,4418,4419,4413,4414,4412,4413,4414,4415,4416,4417,4418,4419,4209,4314,4419,4204,4205,4206,4207,4208,4209,4417,4418,4419,4207,
4418,4419,4208,4209,4314,4206,4207,4208,4209,4209,4314,4412,4413,4202,4203,4204,4205,4206,4207,4208,4202,4307,4412,4413,4414,4415,4202,4203,4412,4413,4414,4415,4202,4412,4413,4414,4415,4412,4202,4307,4412,4413,4414,4415,4416,4417,4418,4419,4412,4202,4412,4413,4414,4415,4416,4417,4418,4419,4205,4307,4202,4203,4204,4205,4206,4207,4208,4209,4202,4203,4204,4205,4206,4207,4208,4209,4416,4417,4418,4419,4202,4203,4204,4412,4413,4414,4415,4416,4417,4418,4419,4414,4412,4202,4203,4307,4412,4413,4414,4415,4416,4417,4418,4419,4202,4412,4413,4412,4413,4414,4415,4416,4417,4418,4419,4209,4419,4419,4204,4205,4206,4207,4208,4209,4417,4418,4419,4208,
4418,4419,4208,4209,4419,4207,4208,4209,4314,4209,4419,4412,4413,4202,4203,4204,4205,4206,4207,4208,4307,4412,4413,4414,4415,4416,4202,4203,4412,4413,4414,4202,4203,4412,4413,4414,4415,4416,4307,4412,4413,4414,4415,4416,4417,4418,4419,4412,4413,4307,4412,4413,4414,4415,4416,4417,4418,4419,4204,4412,4202,4203,4204,4205,4206,4207,4208,4202,4203,4204,4205,4206,4207,4208,4209,4314,4416,4417,4418,4419,4202,4203,4204,4412,4413,4414,4415,4416,4417,4418,4419,4415,4202,4203,4204,4412,4413,4414,4415,4416,4417,4418,4419,4202,4203,4204,4412,4412,4413,4414,4415,4416,4417,4418,4419,4209,4418,4419,4205,4206,4207,4208,4209,4314,4417,4418,4419,4208,
4419,4314,4208,4209,4206,4207,4208,4209,4419,4209,4204,4412,4413,4202,4203,4204,4205,4206,4207,4202,4412,4413,4414,4415,4416,4417,4202,4203,4412,4413,4414,4202,4203,4412,4413,4414,4415,4416,4412,4413,4414,4415,4416,4417,4418,4419,4202,4412,4413,4412,4413,4414,4415,4416,4417,4418,4419,4203,4204,4205,4202,4203,4204,4205,4206,4207,4208,4202,4203,4204,4205,4206,4207,4208,4209,4419,4416,4417,4418,4419,4202,4203,4204,4412,4413,4414,4415,4416,4417,4418,4419,4202,4202,4203,4202,4412,4413,4414,4415,4416,4417,4202,4203,4204,4205,4206,4412,4413,4414,4415,4416,4417,4418,4419,4314,4209,4418,4419,4206,4207,4208,4209,4314,4419,4417,4418,4419,4208,
4418,4419,4209,4209,4206,4207,4208,4209,4208,4209,4204,4412,4413,4202,4203,4204,4205,4206,4207,4307,4412,4413,4414,4415,4416,4202,4203,4204,4412,4413,4414,4202,4203,4204,4202,4307,4307,4412,4413,4414,4415,4416,4417,4412,4413,4414,4307,4412,4413,4412,4413,4414,4415,4416,4417,4418,4419,4203,4204,4205,4202,4203,4204,4205,4206,4207,4208,4202,4203,4204,4205,4206,4207,4208,4209,4415,4416,4417,4418,4419,4202,4203,4204,4205,4202,4307,4412,4413,4414,4415,4416,4307,4202,4203,4307,4412,4413,4414,4415,4416,4202,4203,4204,4205,4206,4207,4208,4412,4413,4414,4415,4416,4417,4418,4419,4209,4418,4419,4208,4209,4208,4209,4419,4416,4417,4418,4419,4209,
4418,4419,4314,4209,4206,4207,4208,4209,4208,4209,4202,4412,4202,4203,4204,4205,4206,4207,4202,4412,4413,4414,4415,4416,4417,4202,4203,4202,4412,4413,4414,4202,4202,4202,4307,4412,4412,4413,4414,4415,4416,4417,4418,4412,4413,4414,4412,4413,4412,4413,4414,4415,4416,4417,4418,4419,4307,4202,4203,4204,4202,4203,4204,4205,4206,4207,4208,4202,4203,4204,4205,4206,4207,4208,4209,4415,4416,4417,4418,4419,4202,4203,4204,4202,4307,4412,4413,4414,4415,4416,4417,4412,4202,4203,4412,4413,4414,4415,4416,4417,4202,4203,4204,4205,4206,4207,4208,4412,4413,4414,4415,4416,4417,4418,4419,4314,4209,4419,4208,4209,4209,4314,4415,4416,4417,4418,4419,4209,
4417,4418,4419,4209,4207,4208,4209,4314,4208,4209,4307,4412,4202,4203,4204,4205,4206,4202,4307,4412,4413,4414,4415,4416,4417,4202,4203,4307,4412,4413,4414,4202,4307,4307,4412,4413,4414,4415,4416,4417,4418,4419,4202,4412,4413,4414,4412,4413,4412,4413,4414,4202,4203,4204,4205,4206,4412,4202,4203,4204,4202,4203,4204,4205,4206,4207,4208,4202,4203,4204,4205,4206,4207,4208,4209,4415,4416,4417,4418,4419,4202,4203,4202,4307,4412,4413,4414,4415,4416,4417,4202,4412,4202,4202,4412,4413,4414,4415,4202,4202,4203,4204,4205,4206,4207,4208,4209,4314,4412,4413,4414,4415,4416,4417,4418,4419,4314,4209,4208,4209,4314,4419,4415,4416,4417,4418,4419,4209,
4417,4418,4419,4314,4207,4208,4209,4419,4208,4209,4412,4413,4202,4203,4204,4205,4206,4307,4412,4413,4414,4415,4416,4417,4418,4202,4202,4412,4413,4414,4415,4307,4412,4412,4413,4414,4415,4416,4417,4418,4419,4208,4202,4412,4413,4414,4412,4413,4414,4412,4413,4307,4308,4309,4310,4311,4312,4202,4203,4204,4202,4203,4204,4205,4206,4207,4202,4203,4204,4205,4206,4207,4208,4209,4314,4415,4416,4417,4418,4419,4202,4202,4307,4412,4413,4414,4415,4416,4417,4418,4307,4412,4202,4307,4412,4413,4414,4415,4307,4202,4202,4202,4202,4202,4202,4202,4202,4202,4307,4412,4413,4414,4415,4416,4417,4418,4419,4209,4209,4314,4419,4415,4416,4417,4418,4419,4209,4314,
4416,4417,4418,4419,4207,4208,4209,4207,4208,4209,4412,4413,4202,4203,4204,4205,4202,4412,4413,4205,4227,4227,4228,1614,7797,7798,7799,7797,7798,7799,7797,7798,7799,7797,7798,7799,7797,7798,7799,4206,4207,4208,4202,4412,4413,4414,4412,4413,4414,4412,4413,4412,4413,4414,4415,4416,4417,4202,4203,4204,4202,4203,4204,4205,4206,4207,4202,4203,4204,4205,4206,4207,4208,4209,4419,4415,4416,4417,4418,4419,4202,4307,4412,4413,4414,4415,4416,4417,4418,4419,4412,4413,4202,4412,4413,4414,4415,4416,4412,4307,4307,4307,4307,4307,4307,4307,4307,4307,4412,4412,4413,4414,4415,4416,4417,4418,4419,4314,4209,4419,4414,4415,4416,4417,4418,4419,4209,4419,
4418,4419,4205,4206,4207,4208,4209,4207,4208,4209,4412,4202,4203,4204,4205,4202,4307,4412,4205,4227,4228,4226,1718,1719,7861,7862,7863,7861,7862,7863,7861,7862,7863,7861,7862,7863,7861,7862,7863,4207,4208,4209,4202,4412,4413,4414,4412,4413,4414,4415,4412,4413,4414,4412,4413,4414,4415,4307,4202,4203,4307,4202,4203,4204,4202,4202,4202,4203,4204,4205,4206,4207,4208,4209,4209,4209,4209,4209,4209,4202,4307,4412,4413,4414,4415,4416,4417,4418,4419,4209,4412,4202,4202,4412,4413,4414,4415,4416,4417,4412,4412,4412,4412,4412,4412,4412,4412,4412,4413,4414,4412,4413,4414,4415,4416,4417,4418,4419,4314,4209,4414,4415,4416,4417,4418,4419,4209,4414,
4418,4419,4205,4206,4207,4208,4209,4207,4208,4209,4412,4202,4203,4204,4205,4307,4412,4205,4206,4207,4226,1822,1823,1824,7925,7926,7927,7925,7926,7927,7925,7926,7927,7925,7926,7927,7925,7926,7927,4207,4208,4209,4202,4412,4413,4414,4415,4416,4417,4418,4412,4413,4414,4415,4416,4412,4413,4412,4202,4203,4412,4202,4203,4204,4307,4307,4307,4202,4202,4202,4202,4203,4204,4205,4206,4207,4208,4209,4314,4307,4412,4413,4414,4415,4416,4417,4418,4419,4314,4202,4412,4202,4307,4412,4413,4414,4415,4416,4417,4418,4419,4314,4314,4209,4209,4209,4412,4413,4414,4415,4202,4412,4413,4414,4415,4416,4417,4418,4419,4314,4414,4415,4416,4417,4418,4419,4314,4414,
5502,5503,5504,5502,5503,5504,5502,5503,5504,5502,5503,5504,5502,5503,5504,5502,5503,5504,5502,5503,1926,1927,1928,1929,7989,7990,7991,7989,7990,7991,7989,7990,7991,7989,7990,7991,7989,7990,7991,4207,4208,4209,4307,4412,4413,4414,4415,4416,4417,4418,4412,4412,4413,4414,4415,4412,4413,4414,4202,4203,4204,4202,4203,4204,4412,4412,4412,4307,4307,4307,4307,4202,4202,4202,4202,4203,4204,4205,4206,4412,4413,4414,4415,4416,4417,4418,4419,4419,4419,4307,4412,4202,4412,4413,4414,4415,4416,4417,4418,4419,4419,4419,4419,4314,4314,4314,4412,4413,4414,4415,4202,4203,4412,4413,4414,4415,4416,4417,4418,4419,4209,4415,4416,4417,4418,4419,4419,4414,
5566,5567,5568,5566,5567,5568,5566,5567,5568,5566,5567,5568,5566,5567,5568,5566,5567,5568,5566,5567,2865,2866,8761,8762,8763,8764,8763,8764,8761,8761,8825,8826,8827,8828,8761,8762,8763,8764,8182,4207,4208,4209,4412,4412,4413,4414,4415,4416,4417,4418,4412,4412,4413,4414,4415,4412,4413,4414,4202,4203,4204,4202,4203,4204,4205,4206,4202,4412,4412,4412,4202,4202,4202,4202,4202,4202,4202,4202,4202,4202,4202,4202,4202,4202,4202,4202,4202,4202,4202,4412,4413,4307,4412,4413,4414,4415,4416,4417,4418,4419,4416,4417,4418,4419,4419,4419,4412,4413,4414,4202,4203,4204,4412,4413,4414,4415,4416,4417,4418,4419,4314,4209,4204,4205,4206,4207,4208,4209,
5630,5631,5632,5630,5631,5632,5630,5631,5632,5630,5631,5632,5630,5631,5632,5630,5631,5632,5630,5631,5632,5630,8825,8826,8827,8828,8827,8828,8825,8825,8889,8890,8891,8892,8825,8826,8827,8828,8246,4207,4208,4209,4209,4412,4413,4414,4415,4416,4417,4418,4412,4413,4412,4413,4414,4412,4413,4414,4202,4203,4204,4202,4203,4204,4205,4202,4203,4204,4205,4206,4307,4307,4307,4307,4307,4307,4307,4307,4307,4307,4307,4307,4307,4307,4307,4307,4307,4307,4307,4412,4413,4412,4413,4414,4415,4416,4417,4418,4419,4202,4307,4307,4307,4307,4307,4412,4412,4413,4414,4307,4202,4203,4204,4412,4413,4414,4415,4416,4417,4418,4419,4314,4209,4207,4208,4209,4209,4314,
5694,5695,5696,5694,5695,5696,5694,5695,5696,5694,5695,5696,5694,5695,5696,5694,5695,5696,5694,5695,5696,5694,8889,8890,8891,8892,8891,8892,8889,8889,8889,8890,8891,8892,8889,8890,8891,8892,8310,4207,4208,4209,4209,4412,4413,4414,4415,4416,4417,4418,4412,4413,4414,4415,4416,4412,4413,4414,4202,4203,4204,4202,4203,4204,4205,4202,4203,4204,4205,4206,4412,4412,4412,4412,4412,4412,4412,4412,4412,4412,4412,4412,4412,4412,4412,4412,4412,4412,4412,4307,4307,4412,4413,4414,4415,4416,4417,4418,4419,4307,4412,4412,4412,4412,4412,4413,4412,4413,4414,4412,4307,4202,4202,4202,4412,4413,4414,4415,4416,4417,4418,4419,4314,4209,4209,4314,4314,4419

[dynamiclayer]
# Bat
type=Sprite
location=21,26,1,1

